51 0.514493358797 -0.370264978024 0.41382182363
52 0.514493358797 -0.370264978024 0.41382182363
53 0.521164095369 -0.369691885718 0.385419339791
54 0.531680057264 -0.37621490138 0.36307032595
55 0.539546511991 -0.372531923506 0.333211107714
56 0.539546511991 -0.372531923506 0.333211107714
57 0.539546511991 -0.372531923506 0.333211107714
58 0.547587973232 -0.36439108074 0.295437294369
59 0.547587973232 -0.36439108074 0.295437294369
60 0.550655941731 -0.36896802595 0.292821441307
61 0.55018274683 -0.361444232964 0.282595121368
62 0.560415301073 -0.372827742717 0.267726871643
63 0.560415301073 -0.372827742717 0.267726871643
64 0.560415301073 -0.372827742717 0.267726871643
65 0.575374193081 -0.379794439142 0.230421119227
66 0.575374193081 -0.379794439142 0.230421119227
67 0.575374193081 -0.379794439142 0.230421119227
68 0.580425046503 -0.367101149904 0.193091348471
69 0.580425046503 -0.367101149904 0.193091348471
70 0.58376165332 -0.361910727937 0.173359020056
71 0.582819688121 -0.350448399019 0.157475895232
72 0.580409412433 -0.336004259783 0.141541619607
73 0.580409412433 -0.336004259783 0.141541619607
74 0.581417848757 -0.31407146815 0.100997232494
75 0.590596488401 -0.314544913617 0.0694376285513
76 0.591946390845 -0.303240996797 0.0449236220584
77 0.606896026949 -0.302365208237 -0.011197275294
78 0.606896026949 -0.302365208237 -0.011197275294
79 0.619360019284 -0.294751567075 -0.0719633924046
80 0.619360019284 -0.294751567075 -0.0719633924046
81 0.63659634472 -0.314598952462 -0.100738450486
82 0.63659634472 -0.314598952462 -0.100738450486
83 0.651188241138 -0.309350276545 -0.168115281411
84 0.651188241138 -0.309350276545 -0.168115281411
85 0.651188241138 -0.309350276545 -0.168115281411
86 0.662183628464 -0.309448475013 -0.212218083713
87 0.662183628464 -0.309448475013 -0.212218083713
88 0.662183628464 -0.309448475013 -0.212218083713
89 0.666682062993 -0.300932447283 -0.248036000668
90 0.669877213677 -0.293182073651 -0.27740484237
91 0.669877213677 -0.293182073651 -0.27740484237
92 0.669877213677 -0.293182073651 -0.27740484237
93 0.687595852449 -0.294782358944 -0.34990141652
94 0.698117223216 -0.296219140498 -0.393068681158
95 0.698117223216 -0.296219140498 -0.393068681158
96 0.717011130741 -0.294921193879 -0.481839466745
97 0.717011130741 -0.294921193879 -0.481839466745
98 0.717011130741 -0.294921193879 -0.481839466745
99 0.717011130741 -0.294921193879 -0.481839466745
100 0.729707046085 -0.298352319949 -0.533334253504
101 0.729707046085 -0.298352319949 -0.533334253504
102 0.729707046085 -0.298352319949 -0.533334253504
103 0.729707046085 -0.298352319949 -0.533334253504
104 0.736257907551 -0.302572807483 -0.554405794298
105 0.736257907551 -0.302572807483 -0.554405794298
106 0.736257907551 -0.302572807483 -0.554405794298
107 0.731536155348 -0.28943044074 -0.563646870375
108 0.731536155348 -0.28943044074 -0.563646870375
109 0.733014472184 -0.292013921902 -0.56449532552
110 0.733014472184 -0.292013921902 -0.56449532552
111 0.745014804009 -0.266752094485 -0.687619962207
112 0.749472747349 -0.264942725136 -0.715404176401
113 0.749472747349 -0.264942725136 -0.715404176401
114 0.758377241324 -0.257165610647 -0.783332763629
115 0.758377241324 -0.257165610647 -0.783332763629
116 0.759102402323 -0.243955900299 -0.823414338057
117 0.76683140809 -0.234292292912 -0.893873233427
118 0.76683140809 -0.234292292912 -0.893873233427
119 0.76683140809 -0.234292292912 -0.893873233427
120 0.76683140809 -0.234292292912 -0.893873233427
121 0.773262947679 -0.244940883965 -0.900069321151
122 0.773262947679 -0.244940883965 -0.900069321151
123 0.779444903325 -0.244249068008 -0.937706764292
124 0.779444903325 -0.244249068008 -0.937706764292
125 0.779444903325 -0.244249068008 -0.937706764292
126 0.779444903325 -0.244249068008 -0.937706764292
127 0.770751775156 -0.224675594085 -0.944329710721
128 0.779209901142 -0.224328202579 -0.995522220786
129 0.779209901142 -0.224328202579 -0.995522220786
130 0.787038561097 -0.236748776311 -1.00501519204
131 0.793606778162 -0.247918805703 -1.01042674395
132 0.806844041725 -0.239694609291 -1.11800578368
133 0.80828239728 -0.232766292398 -1.14979694442
134 0.80828239728 -0.232766292398 -1.14979694442
135 0.817424823037 -0.23991028256 -1.18538050425
136 0.817424823037 -0.23991028256 -1.18538050425
137 0.820933527998 -0.229354313304 -1.24465866547
138 0.82364813072 -0.223296996848 -1.28428661113
139 0.82364813072 -0.223296996848 -1.28428661113
140 0.830088887986 -0.220763672189 -1.33822272927
141 0.847714105839 -0.218789412421 -1.47406424377
142 0.847714105839 -0.218789412421 -1.47406424377
143 0.847714105839 -0.218789412421 -1.47406424377
144 0.854570322858 -0.226319480928 -1.49617403703
145 0.854570322858 -0.226319480928 -1.49617403703
146 0.854570322858 -0.226319480928 -1.49617403703
147 0.854570322858 -0.226319480928 -1.49617403703
148 0.854570322858 -0.226319480928 -1.49617403703
149 0.844709406055 -0.203749155892 -1.51032682517
150 0.844709406055 -0.203749155892 -1.51032682517
151 0.857481318287 -0.199973957986 -1.62668494253
152 0.866323422998 -0.188515198104 -1.75053399135
153 0.871911549487 -0.195202716753 -1.7688028783
154 0.871911549487 -0.195202716753 -1.7688028783
155 0.871911549487 -0.195202716753 -1.7688028783
156 0.877255375373 -0.18730834077 -1.85285087919
157 0.877255375373 -0.18730834077 -1.85285087919
158 0.877060678373 -0.17607733558 -1.90486334424
159 0.877060678373 -0.17607733558 -1.90486334424
160 0.887745550128 -0.180933895084 -1.98215009487
161 0.887529242613 -0.174859076646 -2.01104190067
162 0.891274796044 -0.16142844514 -2.11953663645
163 0.900042025655 -0.145614679332 -2.30418368803
164 0.89678040678 -0.12330587878 -2.40045061999
165 0.89678040678 -0.12330587878 -2.40045061999
166 0.921130740767 -0.138923335252 -2.604483813
167 0.93474943517 -0.142261614202 -2.76481032214
168 0.95670029683 -0.134242112771 -3.16958814687
169 0.95670029683 -0.134242112771 -3.16958814687
170 0.967115398166 -0.131700684003 -3.37779144634
171 0.972416340844 -0.125839928213 -3.54349617655
172 0.972416340844 -0.125839928213 -3.54349617655
173 0.972416340844 -0.125839928213 -3.54349617655
174 0.981500215432 -0.123377443929 -3.76071024132
175 0.981500215432 -0.123377443929 -3.76071024132
176 0.983675529949 -0.118148520427 -3.87868891344
177 0.983675529949 -0.118148520427 -3.87868891344
178 1.00043369038 -0.117178349723 -4.29923325841
179 1.007366403 -0.108977523222 -4.63999901591
180 1.007366403 -0.108977523222 -4.63999901591
181 1.007366403 -0.108977523222 -4.63999901591
182 1.007366403 -0.108977523222 -4.63999901591
183 1.01012536958 -0.104269147975 -4.82039577686
184 1.01229412637 -0.101649462719 -4.94589463933
185 1.01613968124 -0.10129449333 -5.07234510557
186 1.01613968124 -0.10129449333 -5.07234510557
187 1.01613968124 -0.10129449333 -5.07234510557
188 1.01613968124 -0.10129449333 -5.07234510557
189 1.02248989565 -0.105089424866 -5.16313624048
190 1.04023388319 -0.117630632586 -5.23921237835
191 1.04023388319 -0.117630632586 -5.23921237835
192 1.04023388319 -0.117630632586 -5.23921237835
193 1.04023388319 -0.117630632586 -5.23921237835
194 1.04852053698 -0.117869896575 -5.3031632343
195 1.04892728621 -0.100625141089 -5.59026145226
196 1.04514915852 -0.0953519593171 -5.71039123375
197 1.04491976644 -0.091618081525 -5.7732182958
198 1.04491976644 -0.091618081525 -5.7732182958
199 1.02664118151 -0.0866363721301 -5.787476427
200 1.03039016616 -0.0632068056184 -6.52591915055
201 1.02769273986 -0.0526882546471 -6.8281004321
202 1.02769273986 -0.0526882546471 -6.8281004321
203 1.02769273986 -0.0526882546471 -6.8281004321
204 1.02488416019 -0.0545717484936 -6.83875702462
205 1.01292678178 -0.0476355597987 -6.90109848177
206 1.02307953639 -0.0362160260185 -7.31065253297
207 1.02307953639 -0.0362160260185 -7.31065253297
208 1.01468202183 -0.0405384817833 -7.39833056633
209 1.01121532181 -0.0353562561743 -7.59948041279
210 1.01121532181 -0.0353562561743 -7.59948041279
211 1.01853474315 -0.0269065645119 -7.75120713512
212 1.01853474315 -0.0269065645119 -7.75120713512
213 1.01853474315 -0.0269065645119 -7.75120713512
214 1.01853474315 -0.0269065645119 -7.75120713512
215 1.01703310283 -0.0271977876345 -7.91458747437
216 1.01703310283 -0.0271977876345 -7.91458747437
217 1.01703310283 -0.0271977876345 -7.91458747437
218 1.01703310283 -0.0271977876345 -7.91458747437
219 1.01703310283 -0.0271977876345 -7.91458747437
220 1.0102340117 -0.00978428882938 -8.72848714645
221 1.0102340117 -0.00978428882938 -8.72848714645
222 1.0102340117 -0.00978428882938 -8.72848714645
223 1.00369720769 -0.00525665444672 -10.9723298384
224 1.00369720769 -0.00525665444672 -10.9723298384
225 1.00369720769 -0.00525665444672 -10.9723298384
226 1.00161572922 -0.00377350885016 -12.1891178534
227 1.00161572922 -0.00377350885016 -12.1891178534
228 1.00161572922 -0.00377350885016 -12.1891178534
229 1.00161572922 -0.00377350885016 -12.1891178534
230 1.00080788342 3.62582531642e-05 -12.9511210247
231 1.00080788342 3.62582531642e-05 -12.9511210247
232 1.00080788342 3.62582531642e-05 -12.9511210247
233 1.00080788342 3.62582531642e-05 -12.9511210247
234 1.00080788342 3.62582531642e-05 -12.9511210247
235 1.00080788342 3.62582531642e-05 -12.9511210247
236 1.00080788342 3.62582531642e-05 -12.9511210247
237 1.00080788342 3.62582531642e-05 -12.9511210247
238 1.00080788342 3.62582531642e-05 -12.9511210247
239 1.00080788342 3.62582531642e-05 -12.9511210247
240 1.00080788342 3.62582531642e-05 -12.9511210247
241 1.00080788342 3.62582531642e-05 -12.9511210247
242 1.00080788342 3.62582531642e-05 -12.9511210247
243 1.00080788342 3.62582531642e-05 -12.9511210247
244 1.00080788342 3.62582531642e-05 -12.9511210247
245 1.00080788342 3.62582531642e-05 -12.9511210247
246 1.00080788342 3.62582531642e-05 -12.9511210247
247 1.00080788342 3.62582531642e-05 -12.9511210247
248 1.00080788342 3.62582531642e-05 -12.9511210247
249 1.00080788342 3.62582531642e-05 -12.9511210247
250 1.00080788342 3.62582531642e-05 -12.9511210247
251 1.00080788342 3.62582531642e-05 -12.9511210247
252 1.00080788342 3.62582531642e-05 -12.9511210247
253 1.00080788342 3.62582531642e-05 -12.9511210247
254 1.00080788342 3.62582531642e-05 -12.9511210247
255 1.00080788342 3.62582531642e-05 -12.9511210247
256 1.00080788342 3.62582531642e-05 -12.9511210247
257 1.00080788342 3.62582531642e-05 -12.9511210247
258 1.00080788342 3.62582531642e-05 -12.9511210247
259 1.00080788342 3.62582531642e-05 -12.9511210247
260 1.00080788342 3.62582531642e-05 -12.9511210247
261 1.00080788342 3.62582531642e-05 -12.9511210247
262 1.00080788342 3.62582531642e-05 -12.9511210247
263 1.00080788342 3.62582531642e-05 -12.9511210247
264 1.00080788342 3.62582531642e-05 -12.9511210247
265 1.00080788342 3.62582531642e-05 -12.9511210247
266 1.00080788342 3.62582531642e-05 -12.9511210247
267 1.00080788342 3.62582531642e-05 -12.9511210247
268 1.00080788342 3.62582531642e-05 -12.9511210247
269 1.00080788342 3.62582531642e-05 -12.9511210247
270 1.00080788342 3.62582531642e-05 -12.9511210247
271 1.00080788342 3.62582531642e-05 -12.9511210247
272 1.00080788342 3.62582531642e-05 -12.9511210247
273 1.00080788342 3.62582531642e-05 -12.9511210247
274 1.00080788342 3.62582531642e-05 -12.9511210247
275 1.00080788342 3.62582531642e-05 -12.9511210247
276 1.00080788342 3.62582531642e-05 -12.9511210247
277 1.00080788342 3.62582531642e-05 -12.9511210247
278 1.00080788342 3.62582531642e-05 -12.9511210247
279 1.00080788342 3.62582531642e-05 -12.9511210247
280 1.00080788342 3.62582531642e-05 -12.9511210247
281 1.00080788342 3.62582531642e-05 -12.9511210247
282 1.00080788342 3.62582531642e-05 -12.9511210247
283 1.00080788342 3.62582531642e-05 -12.9511210247
284 1.0001345507 -0.000628732037191 -15.4008482827
285 1.0001345507 -0.000628732037191 -15.4008482827
286 1.0001345507 -0.000628732037191 -15.4008482827
287 1.0001345507 -0.000628732037191 -15.4008482827
288 1.0001345507 -0.000628732037191 -15.4008482827
289 1.0001345507 -0.000628732037191 -15.4008482827
290 1.0001345507 -0.000628732037191 -15.4008482827
291 1.0001345507 -0.000628732037191 -15.4008482827
292 1.0001345507 -0.000628732037191 -15.4008482827
293 1.0001345507 -0.000628732037191 -15.4008482827
294 1.0001345507 -0.000628732037191 -15.4008482827
295 1.0001345507 -0.000628732037191 -15.4008482827
296 1.0001345507 -0.000628732037191 -15.4008482827
297 1.0001345507 -0.000628732037191 -15.4008482827
298 1.0001345507 -0.000628732037191 -15.4008482827
299 1.0001345507 -0.000628732037191 -15.4008482827
300 1.0001345507 -0.000628732037191 -15.4008482827
301 1.0001345507 -0.000628732037191 -15.4008482827
302 1.0001345507 -0.000628732037191 -15.4008482827
303 1.0001345507 -0.000628732037191 -15.4008482827
304 1.0001345507 -0.000628732037191 -15.4008482827
305 1.0001345507 -0.000628732037191 -15.4008482827
306 1.0001345507 -0.000628732037191 -15.4008482827
307 1.0001345507 -0.000628732037191 -15.4008482827
308 1.0001345507 -0.000628732037191 -15.4008482827
309 1.0001345507 -0.000628732037191 -15.4008482827
310 1.0001345507 -0.000628732037191 -15.4008482827
311 1.0001345507 -0.000628732037191 -15.4008482827
312 1.0001345507 -0.000628732037191 -15.4008482827
313 1.0001345507 -0.000628732037191 -15.4008482827
314 1.0001345507 -0.000628732037191 -15.4008482827
315 1.0001345507 -0.000628732037191 -15.4008482827
316 1.0001345507 -0.000628732037191 -15.4008482827
317 1.0001345507 -0.000628732037191 -15.4008482827
318 1.0001345507 -0.000628732037191 -15.4008482827
319 1.0001345507 -0.000628732037191 -15.4008482827
320 1.0001345507 -0.000628732037191 -15.4008482827
321 1.0001345507 -0.000628732037191 -15.4008482827
322 1.0001345507 -0.000628732037191 -15.4008482827
323 1.0001345507 -0.000628732037191 -15.4008482827
324 1.0001345507 -0.000628732037191 -15.4008482827
325 1.0001345507 -0.000628732037191 -15.4008482827
326 1.0001345507 -0.000628732037191 -15.4008482827
327 1.0001345507 -0.000628732037191 -15.4008482827
328 1.0001345507 -0.000628732037191 -15.4008482827
329 1.0001345507 -0.000628732037191 -15.4008482827
330 1.0001345507 -0.000628732037191 -15.4008482827
331 1.0001345507 -0.000628732037191 -15.4008482827
332 1.0001345507 -0.000628732037191 -15.4008482827
333 1.0001345507 -0.000628732037191 -15.4008482827
334 1.0001345507 -0.000628732037191 -15.4008482827
335 1.0001345507 -0.000628732037191 -15.4008482827
336 1.0001345507 -0.000628732037191 -15.4008482827
337 1.0001345507 -0.000628732037191 -15.4008482827
338 1.0001345507 -0.000628732037191 -15.4008482827
339 1.0001345507 -0.000628732037191 -15.4008482827
340 1.0001345507 -0.000628732037191 -15.4008482827
341 1.0001345507 -0.000628732037191 -15.4008482827
342 1.0001345507 -0.000628732037191 -15.4008482827
343 1.0001345507 -0.000628732037191 -15.4008482827
344 1.0001345507 -0.000628732037191 -15.4008482827
345 1.0001345507 -0.000628732037191 -15.4008482827
346 1.0001345507 -0.000628732037191 -15.4008482827
347 1.0001345507 -0.000628732037191 -15.4008482827
348 1.0001345507 -0.000628732037191 -15.4008482827
349 1.0001345507 -0.000628732037191 -15.4008482827
350 1.0001345507 -0.000628732037191 -15.4008482827
351 1.0001345507 -0.000628732037191 -15.4008482827
352 1.0001345507 -0.000628732037191 -15.4008482827
353 1.0001345507 -0.000628732037191 -15.4008482827
354 1.0001345507 -0.000628732037191 -15.4008482827
355 1.0001345507 -0.000628732037191 -15.4008482827
356 1.0001345507 -0.000628732037191 -15.4008482827
357 1.0001345507 -0.000628732037191 -15.4008482827
358 1.0001345507 -0.000628732037191 -15.4008482827
359 1.0001345507 -0.000628732037191 -15.4008482827
360 1.0001345507 -0.000628732037191 -15.4008482827
361 1.0001345507 -0.000628732037191 -15.4008482827
362 1.0001345507 -0.000628732037191 -15.4008482827
363 1.0001345507 -0.000628732037191 -15.4008482827
364 1.0001345507 -0.000628732037191 -15.4008482827
365 1.0001345507 -0.000628732037191 -15.4008482827
366 1.0001345507 -0.000628732037191 -15.4008482827
367 1.0001345507 -0.000628732037191 -15.4008482827
368 1.0001345507 -0.000628732037191 -15.4008482827
369 1.0001345507 -0.000628732037191 -15.4008482827
370 1.0001345507 -0.000628732037191 -15.4008482827
371 1.0001345507 -0.000628732037191 -15.4008482827
372 1.0001345507 -0.000628732037191 -15.4008482827
373 1.0001345507 -0.000628732037191 -15.4008482827
374 1.0001345507 -0.000628732037191 -15.4008482827
375 1.0001345507 -0.000628732037191 -15.4008482827
376 1.0001345507 -0.000628732037191 -15.4008482827
377 1.0001345507 -0.000628732037191 -15.4008482827
378 1.0001345507 -0.000628732037191 -15.4008482827
379 1.0001345507 -0.000628732037191 -15.4008482827
380 1.0001345507 -0.000628732037191 -15.4008482827
381 1.0001345507 -0.000628732037191 -15.4008482827
382 1.0001345507 -0.000628732037191 -15.4008482827
383 1.0001345507 -0.000628732037191 -15.4008482827
384 1.0001345507 -0.000628732037191 -15.4008482827
385 1.0001345507 -0.000628732037191 -15.4008482827
386 1.0001345507 -0.000628732037191 -15.4008482827
387 1.0001345507 -0.000628732037191 -15.4008482827
388 1.0001345507 -0.000628732037191 -15.4008482827
389 1.0001345507 -0.000628732037191 -15.4008482827
390 1.0001345507 -0.000628732037191 -15.4008482827
391 1.0001345507 -0.000628732037191 -15.4008482827
392 1.0001345507 -0.000628732037191 -15.4008482827
393 1.0001345507 -0.000628732037191 -15.4008482827
394 1.0001345507 -0.000628732037191 -15.4008482827
395 1.0001345507 -0.000628732037191 -15.4008482827
396 1.0001345507 -0.000628732037191 -15.4008482827
397 1.0001345507 -0.000628732037191 -15.4008482827
398 1.0001345507 -0.000628732037191 -15.4008482827
399 1.0001345507 -0.000628732037191 -15.4008482827
400 1.0001345507 -0.000628732037191 -15.4008482827
401 1.0001345507 -0.000628732037191 -15.4008482827
402 1.0001345507 -0.000628732037191 -15.4008482827
403 1.0001345507 -0.000628732037191 -15.4008482827
404 1.0001345507 -0.000628732037191 -15.4008482827
405 1.0001345507 -0.000628732037191 -15.4008482827
406 1.0001345507 -0.000628732037191 -15.4008482827
407 1.0001345507 -0.000628732037191 -15.4008482827
408 1.0001345507 -0.000628732037191 -15.4008482827
409 1.0001345507 -0.000628732037191 -15.4008482827
410 1.0001345507 -0.000628732037191 -15.4008482827
411 1.0001345507 -0.000628732037191 -15.4008482827
412 1.0001345507 -0.000628732037191 -15.4008482827
413 1.0001345507 -0.000628732037191 -15.4008482827
414 1.0001345507 -0.000628732037191 -15.4008482827
415 1.0001345507 -0.000628732037191 -15.4008482827
416 1.0001345507 -0.000628732037191 -15.4008482827
417 1.0001345507 -0.000628732037191 -15.4008482827
418 1.0001345507 -0.000628732037191 -15.4008482827
419 1.0001345507 -0.000628732037191 -15.4008482827
420 1.0001345507 -0.000628732037191 -15.4008482827
421 1.0001345507 -0.000628732037191 -15.4008482827
422 1.0001345507 -0.000628732037191 -15.4008482827
423 1.0001345507 -0.000628732037191 -15.4008482827
424 1.0001345507 -0.000628732037191 -15.4008482827
425 1.0001345507 -0.000628732037191 -15.4008482827
426 1.0001345507 -0.000628732037191 -15.4008482827
427 1.0001345507 -0.000628732037191 -15.4008482827
428 1.0001345507 -0.000628732037191 -15.4008482827
429 1.0001345507 -0.000628732037191 -15.4008482827
430 1.0001345507 -0.000628732037191 -15.4008482827
431 1.0001345507 -0.000628732037191 -15.4008482827
432 1.0001345507 -0.000628732037191 -15.4008482827
433 1.000265944 -0.000451229716697 -16.2108197894
434 1.000265944 -0.000451229716697 -16.2108197894
435 1.000265944 -0.000451229716697 -16.2108197894
436 1.000265944 -0.000451229716697 -16.2108197894
437 1.000265944 -0.000451229716697 -16.2108197894
438 1.000265944 -0.000451229716697 -16.2108197894
439 1.000265944 -0.000451229716697 -16.2108197894
440 1.000265944 -0.000451229716697 -16.2108197894
441 1.000265944 -0.000451229716697 -16.2108197894
442 1.000265944 -0.000451229716697 -16.2108197894
443 1.000265944 -0.000451229716697 -16.2108197894
444 1.000265944 -0.000451229716697 -16.2108197894
445 1.000265944 -0.000451229716697 -16.2108197894
446 1.000265944 -0.000451229716697 -16.2108197894
447 1.000265944 -0.000451229716697 -16.2108197894
448 1.000265944 -0.000451229716697 -16.2108197894
449 1.000265944 -0.000451229716697 -16.2108197894
450 1.000265944 -0.000451229716697 -16.2108197894
451 1.000265944 -0.000451229716697 -16.2108197894
452 1.000265944 -0.000451229716697 -16.2108197894
453 1.000265944 -0.000451229716697 -16.2108197894
454 1.000265944 -0.000451229716697 -16.2108197894
455 1.000265944 -0.000451229716697 -16.2108197894
456 1.000265944 -0.000451229716697 -16.2108197894
457 1.000265944 -0.000451229716697 -16.2108197894
458 1.000265944 -0.000451229716697 -16.2108197894
459 1.000265944 -0.000451229716697 -16.2108197894
460 1.000265944 -0.000451229716697 -16.2108197894
461 1.000265944 -0.000451229716697 -16.2108197894
462 1.000265944 -0.000451229716697 -16.2108197894
463 1.000265944 -0.000451229716697 -16.2108197894
464 1.000265944 -0.000451229716697 -16.2108197894
465 1.000265944 -0.000451229716697 -16.2108197894
466 1.000265944 -0.000451229716697 -16.2108197894
467 1.000265944 -0.000451229716697 -16.2108197894
468 1.000265944 -0.000451229716697 -16.2108197894
469 1.000265944 -0.000451229716697 -16.2108197894
470 1.000265944 -0.000451229716697 -16.2108197894
471 1.000265944 -0.000451229716697 -16.2108197894
472 1.000265944 -0.000451229716697 -16.2108197894
473 1.000265944 -0.000451229716697 -16.2108197894
474 1.000265944 -0.000451229716697 -16.2108197894
475 1.000265944 -0.000451229716697 -16.2108197894
476 1.000265944 -0.000451229716697 -16.2108197894
477 1.000265944 -0.000451229716697 -16.2108197894
478 1.000265944 -0.000451229716697 -16.2108197894
479 1.000265944 -0.000451229716697 -16.2108197894
480 1.000265944 -0.000451229716697 -16.2108197894
481 1.000265944 -0.000451229716697 -16.2108197894
482 1.000265944 -0.000451229716697 -16.2108197894
483 1.000265944 -0.000451229716697 -16.2108197894
484 1.000265944 -0.000451229716697 -16.2108197894
485 1.000265944 -0.000451229716697 -16.2108197894
486 1.000265944 -0.000451229716697 -16.2108197894
487 1.000265944 -0.000451229716697 -16.2108197894
488 1.000265944 -0.000451229716697 -16.2108197894
489 1.000265944 -0.000451229716697 -16.2108197894
490 1.000265944 -0.000451229716697 -16.2108197894
491 1.000265944 -0.000451229716697 -16.2108197894
492 1.000265944 -0.000451229716697 -16.2108197894
493 1.000265944 -0.000451229716697 -16.2108197894
494 1.000265944 -0.000451229716697 -16.2108197894
495 1.000265944 -0.000451229716697 -16.2108197894
496 1.000265944 -0.000451229716697 -16.2108197894
497 1.000265944 -0.000451229716697 -16.2108197894
498 1.000265944 -0.000451229716697 -16.2108197894
499 1.000265944 -0.000451229716697 -16.2108197894
500 1.000265944 -0.000451229716697 -16.2108197894
501 1.000265944 -0.000451229716697 -16.2108197894
502 1.000265944 -0.000451229716697 -16.2108197894
503 1.000265944 -0.000451229716697 -16.2108197894
504 1.000265944 -0.000451229716697 -16.2108197894
505 1.000265944 -0.000451229716697 -16.2108197894
506 1.000265944 -0.000451229716697 -16.2108197894
507 1.000265944 -0.000451229716697 -16.2108197894
508 1.000265944 -0.000451229716697 -16.2108197894
509 1.000265944 -0.000451229716697 -16.2108197894
510 1.000265944 -0.000451229716697 -16.2108197894
511 1.000265944 -0.000451229716697 -16.2108197894
512 1.000265944 -0.000451229716697 -16.2108197894
513 1.000265944 -0.000451229716697 -16.2108197894
514 1.000265944 -0.000451229716697 -16.2108197894
515 1.000265944 -0.000451229716697 -16.2108197894
516 1.000265944 -0.000451229716697 -16.2108197894
517 1.000265944 -0.000451229716697 -16.2108197894
518 1.000265944 -0.000451229716697 -16.2108197894
519 1.000265944 -0.000451229716697 -16.2108197894
520 1.000265944 -0.000451229716697 -16.2108197894
521 1.000265944 -0.000451229716697 -16.2108197894
522 1.000265944 -0.000451229716697 -16.2108197894
523 1.000265944 -0.000451229716697 -16.2108197894
524 1.000265944 -0.000451229716697 -16.2108197894
525 1.000265944 -0.000451229716697 -16.2108197894
526 1.000265944 -0.000451229716697 -16.2108197894
527 1.000265944 -0.000451229716697 -16.2108197894
528 1.000265944 -0.000451229716697 -16.2108197894
529 1.000265944 -0.000451229716697 -16.2108197894
530 1.000265944 -0.000451229716697 -16.2108197894
531 1.000265944 -0.000451229716697 -16.2108197894
532 1.000265944 -0.000451229716697 -16.2108197894
533 1.000265944 -0.000451229716697 -16.2108197894
534 1.000265944 -0.000451229716697 -16.2108197894
535 1.000265944 -0.000451229716697 -16.2108197894
536 1.000265944 -0.000451229716697 -16.2108197894
537 1.000265944 -0.000451229716697 -16.2108197894
538 1.000265944 -0.000451229716697 -16.2108197894
539 1.000265944 -0.000451229716697 -16.2108197894
540 1.000265944 -0.000451229716697 -16.2108197894
541 1.000265944 -0.000451229716697 -16.2108197894
542 1.000265944 -0.000451229716697 -16.2108197894
543 1.000265944 -0.000451229716697 -16.2108197894
544 1.000265944 -0.000451229716697 -16.2108197894
545 1.000265944 -0.000451229716697 -16.2108197894
546 1.000265944 -0.000451229716697 -16.2108197894
547 1.000265944 -0.000451229716697 -16.2108197894
548 1.000265944 -0.000451229716697 -16.2108197894
549 1.000265944 -0.000451229716697 -16.2108197894
550 1.000265944 -0.000451229716697 -16.2108197894
551 1.000265944 -0.000451229716697 -16.2108197894
552 1.000265944 -0.000451229716697 -16.2108197894
553 1.000265944 -0.000451229716697 -16.2108197894
554 1.000265944 -0.000451229716697 -16.2108197894
555 1.000265944 -0.000451229716697 -16.2108197894
556 1.000265944 -0.000451229716697 -16.2108197894
557 1.000265944 -0.000451229716697 -16.2108197894
558 1.000265944 -0.000451229716697 -16.2108197894
559 1.000265944 -0.000451229716697 -16.2108197894
560 1.000265944 -0.000451229716697 -16.2108197894
561 1.000265944 -0.000451229716697 -16.2108197894
562 1.000265944 -0.000451229716697 -16.2108197894
563 1.000265944 -0.000451229716697 -16.2108197894
564 1.000265944 -0.000451229716697 -16.2108197894
565 1.000265944 -0.000451229716697 -16.2108197894
566 1.000265944 -0.000451229716697 -16.2108197894
567 1.000265944 -0.000451229716697 -16.2108197894
568 1.000265944 -0.000451229716697 -16.2108197894
569 1.000265944 -0.000451229716697 -16.2108197894
570 1.000265944 -0.000451229716697 -16.2108197894
571 1.000265944 -0.000451229716697 -16.2108197894
572 1.000265944 -0.000451229716697 -16.2108197894
573 1.000265944 -0.000451229716697 -16.2108197894
574 1.000265944 -0.000451229716697 -16.2108197894
575 1.000265944 -0.000451229716697 -16.2108197894
576 1.000265944 -0.000451229716697 -16.2108197894
577 1.000265944 -0.000451229716697 -16.2108197894
578 1.000265944 -0.000451229716697 -16.2108197894
579 1.000265944 -0.000451229716697 -16.2108197894
580 1.000265944 -0.000451229716697 -16.2108197894
581 1.000265944 -0.000451229716697 -16.2108197894
582 1.000265944 -0.000451229716697 -16.2108197894
583 1.000265944 -0.000451229716697 -16.2108197894
584 1.000265944 -0.000451229716697 -16.2108197894
585 1.000265944 -0.000451229716697 -16.2108197894
586 1.000265944 -0.000451229716697 -16.2108197894
587 1.000265944 -0.000451229716697 -16.2108197894
588 1.000265944 -0.000451229716697 -16.2108197894
589 1.000265944 -0.000451229716697 -16.2108197894
590 1.000265944 -0.000451229716697 -16.2108197894
591 1.000265944 -0.000451229716697 -16.2108197894
592 1.000265944 -0.000451229716697 -16.2108197894
593 1.000265944 -0.000451229716697 -16.2108197894
594 1.000265944 -0.000451229716697 -16.2108197894
595 1.000265944 -0.000451229716697 -16.2108197894
596 1.000265944 -0.000451229716697 -16.2108197894
597 1.000265944 -0.000451229716697 -16.2108197894
598 1.000265944 -0.000451229716697 -16.2108197894
599 1.000265944 -0.000451229716697 -16.2108197894
600 1.000265944 -0.000451229716697 -16.2108197894
601 1.000265944 -0.000451229716697 -16.2108197894
602 1.000265944 -0.000451229716697 -16.2108197894
603 1.000265944 -0.000451229716697 -16.2108197894
604 1.000265944 -0.000451229716697 -16.2108197894
605 1.000265944 -0.000451229716697 -16.2108197894
606 1.000265944 -0.000451229716697 -16.2108197894
607 1.000265944 -0.000451229716697 -16.2108197894
608 1.000265944 -0.000451229716697 -16.2108197894
609 1.000265944 -0.000451229716697 -16.2108197894
610 1.000265944 -0.000451229716697 -16.2108197894
611 1.000265944 -0.000451229716697 -16.2108197894
612 1.000265944 -0.000451229716697 -16.2108197894
613 1.000265944 -0.000451229716697 -16.2108197894
614 1.000265944 -0.000451229716697 -16.2108197894
615 1.000265944 -0.000451229716697 -16.2108197894
616 1.000265944 -0.000451229716697 -16.2108197894
617 1.000265944 -0.000451229716697 -16.2108197894
618 1.000265944 -0.000451229716697 -16.2108197894
619 1.000265944 -0.000451229716697 -16.2108197894
620 1.000265944 -0.000451229716697 -16.2108197894
621 1.000265944 -0.000451229716697 -16.2108197894
622 1.000265944 -0.000451229716697 -16.2108197894
623 1.000265944 -0.000451229716697 -16.2108197894
624 1.000265944 -0.000451229716697 -16.2108197894
625 1.000265944 -0.000451229716697 -16.2108197894
626 1.000265944 -0.000451229716697 -16.2108197894
627 1.000265944 -0.000451229716697 -16.2108197894
628 1.000265944 -0.000451229716697 -16.2108197894
629 1.000265944 -0.000451229716697 -16.2108197894
630 1.000265944 -0.000451229716697 -16.2108197894
631 1.000265944 -0.000451229716697 -16.2108197894
632 1.000265944 -0.000451229716697 -16.2108197894
633 1.000265944 -0.000451229716697 -16.2108197894
634 1.000265944 -0.000451229716697 -16.2108197894
635 1.000265944 -0.000451229716697 -16.2108197894
636 1.000265944 -0.000451229716697 -16.2108197894
637 1.000265944 -0.000451229716697 -16.2108197894
638 1.000265944 -0.000451229716697 -16.2108197894
639 1.000265944 -0.000451229716697 -16.2108197894
640 1.000265944 -0.000451229716697 -16.2108197894
641 1.000265944 -0.000451229716697 -16.2108197894
642 1.000265944 -0.000451229716697 -16.2108197894
643 1.000265944 -0.000451229716697 -16.2108197894
644 1.000265944 -0.000451229716697 -16.2108197894
645 1.000265944 -0.000451229716697 -16.2108197894
646 1.000265944 -0.000451229716697 -16.2108197894
647 1.000265944 -0.000451229716697 -16.2108197894
648 1.000265944 -0.000451229716697 -16.2108197894
649 1.000265944 -0.000451229716697 -16.2108197894
650 1.000265944 -0.000451229716697 -16.2108197894
651 1.000265944 -0.000451229716697 -16.2108197894
652 1.000265944 -0.000451229716697 -16.2108197894
653 1.000265944 -0.000451229716697 -16.2108197894
654 1.000265944 -0.000451229716697 -16.2108197894
655 1.000265944 -0.000451229716697 -16.2108197894
656 1.000265944 -0.000451229716697 -16.2108197894
657 1.000265944 -0.000451229716697 -16.2108197894
658 1.000265944 -0.000451229716697 -16.2108197894
659 1.000265944 -0.000451229716697 -16.2108197894
660 1.000265944 -0.000451229716697 -16.2108197894
661 1.000265944 -0.000451229716697 -16.2108197894
662 1.000265944 -0.000451229716697 -16.2108197894
663 1.000265944 -0.000451229716697 -16.2108197894
664 1.000265944 -0.000451229716697 -16.2108197894
665 1.000265944 -0.000451229716697 -16.2108197894
666 1.000265944 -0.000451229716697 -16.2108197894
667 1.000265944 -0.000451229716697 -16.2108197894
668 1.000265944 -0.000451229716697 -16.2108197894
669 1.000265944 -0.000451229716697 -16.2108197894
670 1.000265944 -0.000451229716697 -16.2108197894
671 1.000265944 -0.000451229716697 -16.2108197894
672 1.000265944 -0.000451229716697 -16.2108197894
673 1.000265944 -0.000451229716697 -16.2108197894
674 1.000265944 -0.000451229716697 -16.2108197894
675 1.000265944 -0.000451229716697 -16.2108197894
676 1.000265944 -0.000451229716697 -16.2108197894
677 1.000265944 -0.000451229716697 -16.2108197894
678 1.000265944 -0.000451229716697 -16.2108197894
679 1.000265944 -0.000451229716697 -16.2108197894
680 1.000265944 -0.000451229716697 -16.2108197894
681 1.000265944 -0.000451229716697 -16.2108197894
682 1.000265944 -0.000451229716697 -16.2108197894
683 1.000265944 -0.000451229716697 -16.2108197894
684 1.000265944 -0.000451229716697 -16.2108197894
685 1.000265944 -0.000451229716697 -16.2108197894
686 1.000265944 -0.000451229716697 -16.2108197894
687 1.000265944 -0.000451229716697 -16.2108197894
688 1.000265944 -0.000451229716697 -16.2108197894
689 1.000265944 -0.000451229716697 -16.2108197894
690 1.000265944 -0.000451229716697 -16.2108197894
691 1.000265944 -0.000451229716697 -16.2108197894
692 1.000265944 -0.000451229716697 -16.2108197894
693 1.000265944 -0.000451229716697 -16.2108197894
694 1.000265944 -0.000451229716697 -16.2108197894
695 1.000265944 -0.000451229716697 -16.2108197894
696 1.000265944 -0.000451229716697 -16.2108197894
697 1.000265944 -0.000451229716697 -16.2108197894
698 1.000265944 -0.000451229716697 -16.2108197894
699 1.000265944 -0.000451229716697 -16.2108197894
700 1.000265944 -0.000451229716697 -16.2108197894
701 1.000265944 -0.000451229716697 -16.2108197894
702 1.000265944 -0.000451229716697 -16.2108197894
703 1.000265944 -0.000451229716697 -16.2108197894
704 1.000265944 -0.000451229716697 -16.2108197894
705 1.000265944 -0.000451229716697 -16.2108197894
706 1.000265944 -0.000451229716697 -16.2108197894
707 1.000265944 -0.000451229716697 -16.2108197894
708 1.000265944 -0.000451229716697 -16.2108197894
709 1.000265944 -0.000451229716697 -16.2108197894
710 1.000265944 -0.000451229716697 -16.2108197894
711 1.000265944 -0.000451229716697 -16.2108197894
712 1.000265944 -0.000451229716697 -16.2108197894
713 1.000265944 -0.000451229716697 -16.2108197894
714 1.000265944 -0.000451229716697 -16.2108197894
715 1.000265944 -0.000451229716697 -16.2108197894
716 1.000265944 -0.000451229716697 -16.2108197894
717 1.000265944 -0.000451229716697 -16.2108197894
718 1.000265944 -0.000451229716697 -16.2108197894
719 1.000265944 -0.000451229716697 -16.2108197894
720 1.000265944 -0.000451229716697 -16.2108197894
721 1.000265944 -0.000451229716697 -16.2108197894
722 1.000265944 -0.000451229716697 -16.2108197894
723 1.000265944 -0.000451229716697 -16.2108197894
724 1.000265944 -0.000451229716697 -16.2108197894
725 1.000265944 -0.000451229716697 -16.2108197894
726 1.000265944 -0.000451229716697 -16.2108197894
727 1.000265944 -0.000451229716697 -16.2108197894
728 1.000265944 -0.000451229716697 -16.2108197894
729 1.000265944 -0.000451229716697 -16.2108197894
730 1.000265944 -0.000451229716697 -16.2108197894
731 1.000265944 -0.000451229716697 -16.2108197894
732 1.000265944 -0.000451229716697 -16.2108197894
733 1.000265944 -0.000451229716697 -16.2108197894
734 1.000265944 -0.000451229716697 -16.2108197894
735 1.000265944 -0.000451229716697 -16.2108197894
736 1.000265944 -0.000451229716697 -16.2108197894
737 1.000265944 -0.000451229716697 -16.2108197894
738 1.000265944 -0.000451229716697 -16.2108197894
739 1.000265944 -0.000451229716697 -16.2108197894
740 1.000265944 -0.000451229716697 -16.2108197894
741 1.000265944 -0.000451229716697 -16.2108197894
742 1.000265944 -0.000451229716697 -16.2108197894
743 1.000265944 -0.000451229716697 -16.2108197894
744 1.000265944 -0.000451229716697 -16.2108197894
745 1.000265944 -0.000451229716697 -16.2108197894
746 1.000265944 -0.000451229716697 -16.2108197894
747 1.000265944 -0.000451229716697 -16.2108197894
748 1.000265944 -0.000451229716697 -16.2108197894
749 1.000265944 -0.000451229716697 -16.2108197894
750 1.000265944 -0.000451229716697 -16.2108197894
751 1.000265944 -0.000451229716697 -16.2108197894
752 1.000265944 -0.000451229716697 -16.2108197894
753 1.000265944 -0.000451229716697 -16.2108197894
754 1.000265944 -0.000451229716697 -16.2108197894
755 1.000265944 -0.000451229716697 -16.2108197894
756 1.000265944 -0.000451229716697 -16.2108197894
757 1.000265944 -0.000451229716697 -16.2108197894
758 1.000265944 -0.000451229716697 -16.2108197894
759 1.000265944 -0.000451229716697 -16.2108197894
760 1.000265944 -0.000451229716697 -16.2108197894
761 1.000265944 -0.000451229716697 -16.2108197894
762 1.000265944 -0.000451229716697 -16.2108197894
763 1.000265944 -0.000451229716697 -16.2108197894
764 1.000265944 -0.000451229716697 -16.2108197894
765 1.000265944 -0.000451229716697 -16.2108197894
766 1.000265944 -0.000451229716697 -16.2108197894
767 1.000265944 -0.000451229716697 -16.2108197894
768 1.000265944 -0.000451229716697 -16.2108197894
769 1.000265944 -0.000451229716697 -16.2108197894
770 1.000265944 -0.000451229716697 -16.2108197894
771 1.000265944 -0.000451229716697 -16.2108197894
772 1.000265944 -0.000451229716697 -16.2108197894
773 1.000265944 -0.000451229716697 -16.2108197894
774 1.000265944 -0.000451229716697 -16.2108197894
775 1.000265944 -0.000451229716697 -16.2108197894
776 1.000265944 -0.000451229716697 -16.2108197894
777 1.000265944 -0.000451229716697 -16.2108197894
778 1.000265944 -0.000451229716697 -16.2108197894
779 1.000265944 -0.000451229716697 -16.2108197894
780 1.000265944 -0.000451229716697 -16.2108197894
781 1.000265944 -0.000451229716697 -16.2108197894
782 1.000265944 -0.000451229716697 -16.2108197894
783 1.000265944 -0.000451229716697 -16.2108197894
784 1.000265944 -0.000451229716697 -16.2108197894
785 1.000265944 -0.000451229716697 -16.2108197894
786 1.000265944 -0.000451229716697 -16.2108197894
787 1.000265944 -0.000451229716697 -16.2108197894
788 1.000265944 -0.000451229716697 -16.2108197894
789 1.000265944 -0.000451229716697 -16.2108197894
790 1.000265944 -0.000451229716697 -16.2108197894
791 1.000265944 -0.000451229716697 -16.2108197894
792 1.000265944 -0.000451229716697 -16.2108197894
793 1.000265944 -0.000451229716697 -16.2108197894
794 1.000265944 -0.000451229716697 -16.2108197894
795 1.000265944 -0.000451229716697 -16.2108197894
796 1.000265944 -0.000451229716697 -16.2108197894
797 1.000265944 -0.000451229716697 -16.2108197894
798 1.000265944 -0.000451229716697 -16.2108197894
799 1.000265944 -0.000451229716697 -16.2108197894
800 1.000265944 -0.000451229716697 -16.2108197894
801 1.000265944 -0.000451229716697 -16.2108197894
802 1.000265944 -0.000451229716697 -16.2108197894
803 1.000265944 -0.000451229716697 -16.2108197894
804 1.000265944 -0.000451229716697 -16.2108197894
805 1.000265944 -0.000451229716697 -16.2108197894
806 1.000265944 -0.000451229716697 -16.2108197894
807 1.000265944 -0.000451229716697 -16.2108197894
808 1.000265944 -0.000451229716697 -16.2108197894
809 1.000265944 -0.000451229716697 -16.2108197894
810 1.000265944 -0.000451229716697 -16.2108197894
811 1.000265944 -0.000451229716697 -16.2108197894
812 1.000265944 -0.000451229716697 -16.2108197894
813 1.000265944 -0.000451229716697 -16.2108197894
814 1.000265944 -0.000451229716697 -16.2108197894
815 1.000265944 -0.000451229716697 -16.2108197894
816 1.000265944 -0.000451229716697 -16.2108197894
817 1.000265944 -0.000451229716697 -16.2108197894
818 1.000265944 -0.000451229716697 -16.2108197894
819 1.000265944 -0.000451229716697 -16.2108197894
820 1.000265944 -0.000451229716697 -16.2108197894
821 1.000265944 -0.000451229716697 -16.2108197894
822 1.000265944 -0.000451229716697 -16.2108197894
823 1.000265944 -0.000451229716697 -16.2108197894
824 1.000265944 -0.000451229716697 -16.2108197894
825 1.000265944 -0.000451229716697 -16.2108197894
826 1.000265944 -0.000451229716697 -16.2108197894
827 1.000265944 -0.000451229716697 -16.2108197894
828 1.000265944 -0.000451229716697 -16.2108197894
829 1.000265944 -0.000451229716697 -16.2108197894
830 1.000265944 -0.000451229716697 -16.2108197894
831 1.000265944 -0.000451229716697 -16.2108197894
832 1.000265944 -0.000451229716697 -16.2108197894
833 1.000265944 -0.000451229716697 -16.2108197894
834 1.000265944 -0.000451229716697 -16.2108197894
835 1.000265944 -0.000451229716697 -16.2108197894
836 1.000265944 -0.000451229716697 -16.2108197894
837 1.000265944 -0.000451229716697 -16.2108197894
838 1.000265944 -0.000451229716697 -16.2108197894
839 1.000265944 -0.000451229716697 -16.2108197894
840 1.000265944 -0.000451229716697 -16.2108197894
841 1.000265944 -0.000451229716697 -16.2108197894
842 1.000265944 -0.000451229716697 -16.2108197894
843 1.000265944 -0.000451229716697 -16.2108197894
844 1.000265944 -0.000451229716697 -16.2108197894
845 1.000265944 -0.000451229716697 -16.2108197894
846 1.000265944 -0.000451229716697 -16.2108197894
847 1.000265944 -0.000451229716697 -16.2108197894
848 1.000265944 -0.000451229716697 -16.2108197894
849 1.000265944 -0.000451229716697 -16.2108197894
850 1.000265944 -0.000451229716697 -16.2108197894
851 1.000265944 -0.000451229716697 -16.2108197894
852 1.000265944 -0.000451229716697 -16.2108197894
853 1.000265944 -0.000451229716697 -16.2108197894
854 1.000265944 -0.000451229716697 -16.2108197894
855 1.000265944 -0.000451229716697 -16.2108197894
856 1.000265944 -0.000451229716697 -16.2108197894
857 1.000265944 -0.000451229716697 -16.2108197894
858 1.000265944 -0.000451229716697 -16.2108197894
859 1.000265944 -0.000451229716697 -16.2108197894
860 1.000265944 -0.000451229716697 -16.2108197894
861 1.000265944 -0.000451229716697 -16.2108197894
862 1.000265944 -0.000451229716697 -16.2108197894
863 1.000265944 -0.000451229716697 -16.2108197894
864 1.000265944 -0.000451229716697 -16.2108197894
865 1.000265944 -0.000451229716697 -16.2108197894
866 1.000265944 -0.000451229716697 -16.2108197894
867 1.000265944 -0.000451229716697 -16.2108197894
868 1.000265944 -0.000451229716697 -16.2108197894
869 1.000265944 -0.000451229716697 -16.2108197894
870 1.000265944 -0.000451229716697 -16.2108197894
871 1.000265944 -0.000451229716697 -16.2108197894
872 1.000265944 -0.000451229716697 -16.2108197894
873 1.000265944 -0.000451229716697 -16.2108197894
874 1.000265944 -0.000451229716697 -16.2108197894
875 1.000265944 -0.000451229716697 -16.2108197894
876 1.000265944 -0.000451229716697 -16.2108197894
877 1.000265944 -0.000451229716697 -16.2108197894
878 1.000265944 -0.000451229716697 -16.2108197894
879 1.000265944 -0.000451229716697 -16.2108197894
880 1.000265944 -0.000451229716697 -16.2108197894
881 1.000265944 -0.000451229716697 -16.2108197894
882 1.000265944 -0.000451229716697 -16.2108197894
883 1.000265944 -0.000451229716697 -16.2108197894
884 1.000265944 -0.000451229716697 -16.2108197894
885 1.000265944 -0.000451229716697 -16.2108197894
886 1.000265944 -0.000451229716697 -16.2108197894
887 1.000265944 -0.000451229716697 -16.2108197894
888 1.000265944 -0.000451229716697 -16.2108197894
889 1.000265944 -0.000451229716697 -16.2108197894
890 1.000265944 -0.000451229716697 -16.2108197894
891 1.000265944 -0.000451229716697 -16.2108197894
892 1.000265944 -0.000451229716697 -16.2108197894
893 1.000265944 -0.000451229716697 -16.2108197894
894 1.000265944 -0.000451229716697 -16.2108197894
895 1.000265944 -0.000451229716697 -16.2108197894
896 1.000265944 -0.000451229716697 -16.2108197894
897 1.000265944 -0.000451229716697 -16.2108197894
898 1.000265944 -0.000451229716697 -16.2108197894
899 1.000265944 -0.000451229716697 -16.2108197894
900 1.000265944 -0.000451229716697 -16.2108197894
901 1.000265944 -0.000451229716697 -16.2108197894
902 1.000265944 -0.000451229716697 -16.2108197894
903 1.000265944 -0.000451229716697 -16.2108197894
904 1.000265944 -0.000451229716697 -16.2108197894
905 1.000265944 -0.000451229716697 -16.2108197894
906 1.000265944 -0.000451229716697 -16.2108197894
907 1.000265944 -0.000451229716697 -16.2108197894
908 1.000265944 -0.000451229716697 -16.2108197894
909 1.000265944 -0.000451229716697 -16.2108197894
910 1.000265944 -0.000451229716697 -16.2108197894
911 1.000265944 -0.000451229716697 -16.2108197894
912 1.000265944 -0.000451229716697 -16.2108197894
913 1.000265944 -0.000451229716697 -16.2108197894
914 1.000265944 -0.000451229716697 -16.2108197894
915 1.000265944 -0.000451229716697 -16.2108197894
916 1.000265944 -0.000451229716697 -16.2108197894
917 1.000265944 -0.000451229716697 -16.2108197894
918 1.000265944 -0.000451229716697 -16.2108197894
919 1.000265944 -0.000451229716697 -16.2108197894
920 1.000265944 -0.000451229716697 -16.2108197894
921 1.000265944 -0.000451229716697 -16.2108197894
922 1.000265944 -0.000451229716697 -16.2108197894
923 1.000265944 -0.000451229716697 -16.2108197894
924 1.000265944 -0.000451229716697 -16.2108197894
925 1.000265944 -0.000451229716697 -16.2108197894
926 1.000265944 -0.000451229716697 -16.2108197894
927 1.000265944 -0.000451229716697 -16.2108197894
928 1.000265944 -0.000451229716697 -16.2108197894
929 1.000265944 -0.000451229716697 -16.2108197894
930 1.000265944 -0.000451229716697 -16.2108197894
931 1.000265944 -0.000451229716697 -16.2108197894
932 1.000265944 -0.000451229716697 -16.2108197894
933 1.000265944 -0.000451229716697 -16.2108197894
934 1.000265944 -0.000451229716697 -16.2108197894
935 1.000265944 -0.000451229716697 -16.2108197894
936 1.000265944 -0.000451229716697 -16.2108197894
937 1.000265944 -0.000451229716697 -16.2108197894
938 1.000265944 -0.000451229716697 -16.2108197894
939 1.000265944 -0.000451229716697 -16.2108197894
940 1.000265944 -0.000451229716697 -16.2108197894
941 1.000265944 -0.000451229716697 -16.2108197894
942 1.000265944 -0.000451229716697 -16.2108197894
943 1.000265944 -0.000451229716697 -16.2108197894
944 1.000265944 -0.000451229716697 -16.2108197894
945 1.000265944 -0.000451229716697 -16.2108197894
946 1.000265944 -0.000451229716697 -16.2108197894
947 1.000265944 -0.000451229716697 -16.2108197894
948 1.000265944 -0.000451229716697 -16.2108197894
949 1.000265944 -0.000451229716697 -16.2108197894
950 1.000265944 -0.000451229716697 -16.2108197894
951 1.000265944 -0.000451229716697 -16.2108197894
952 1.000265944 -0.000451229716697 -16.2108197894
953 1.000265944 -0.000451229716697 -16.2108197894
954 1.000265944 -0.000451229716697 -16.2108197894
955 1.000265944 -0.000451229716697 -16.2108197894
956 1.000265944 -0.000451229716697 -16.2108197894
957 1.000265944 -0.000451229716697 -16.2108197894
958 1.000265944 -0.000451229716697 -16.2108197894
959 1.000265944 -0.000451229716697 -16.2108197894
960 1.000265944 -0.000451229716697 -16.2108197894
961 1.000265944 -0.000451229716697 -16.2108197894
962 1.000265944 -0.000451229716697 -16.2108197894
963 1.000265944 -0.000451229716697 -16.2108197894
964 1.000265944 -0.000451229716697 -16.2108197894
965 1.000265944 -0.000451229716697 -16.2108197894
966 1.000265944 -0.000451229716697 -16.2108197894
967 1.000265944 -0.000451229716697 -16.2108197894
968 1.000265944 -0.000451229716697 -16.2108197894
969 1.000265944 -0.000451229716697 -16.2108197894
970 1.000265944 -0.000451229716697 -16.2108197894
971 1.000265944 -0.000451229716697 -16.2108197894
972 1.000265944 -0.000451229716697 -16.2108197894
973 1.000265944 -0.000451229716697 -16.2108197894
974 1.000265944 -0.000451229716697 -16.2108197894
975 1.000265944 -0.000451229716697 -16.2108197894
976 1.000265944 -0.000451229716697 -16.2108197894
977 1.000265944 -0.000451229716697 -16.2108197894
978 1.000265944 -0.000451229716697 -16.2108197894
979 1.000265944 -0.000451229716697 -16.2108197894
980 1.000265944 -0.000451229716697 -16.2108197894
981 1.000265944 -0.000451229716697 -16.2108197894
982 1.000265944 -0.000451229716697 -16.2108197894
983 1.000265944 -0.000451229716697 -16.2108197894
984 1.000265944 -0.000451229716697 -16.2108197894
985 1.000265944 -0.000451229716697 -16.2108197894
986 1.000265944 -0.000451229716697 -16.2108197894
987 1.000265944 -0.000451229716697 -16.2108197894
988 1.000265944 -0.000451229716697 -16.2108197894
989 1.000265944 -0.000451229716697 -16.2108197894
990 1.000265944 -0.000451229716697 -16.2108197894
991 1.000265944 -0.000451229716697 -16.2108197894
992 1.000265944 -0.000451229716697 -16.2108197894
993 1.000265944 -0.000451229716697 -16.2108197894
994 1.000265944 -0.000451229716697 -16.2108197894
995 1.000265944 -0.000451229716697 -16.2108197894
996 1.000265944 -0.000451229716697 -16.2108197894
997 1.000265944 -0.000451229716697 -16.2108197894
998 1.000265944 -0.000451229716697 -16.2108197894
999 1.000265944 -0.000451229716697 -16.2108197894
